locations    107
vehicles    6

999999    78.1    52.5    20.0    11.8    59.82    49.24    50.25    40.94    30.0    19.7    50.04    61.4    35.36    67.8    54.08    32.06    57.2    10.2    33.54    39.85    43.29    46.1    61.61    63.39    25.0    50.64    53.23    40.31    36.4    61.4    53.54    29.33    59.41    59.08    63.2    22.2    47.43    61.03    43.42    15.26    53.69    54.2    32.02    36.88    43.83    41.11    39.12    50.99    16.97    20.62    33.11    34.13    66.84    24.74    29.12    56.3    40.5    28.02    54.2    22.36    42.95    65.19    12.37    20.12    52.33    51.31    5.0    36.06    59.09    48.01    57.01    57.01    56.29    54.63    53.82    59.51    44.64    39.19    48.41    11.18    46.82    10.05    47.17    55.9    36.06    65.0    27.2    39.05    60.42    24.08    50.61    67.27    52.09    52.39    71.34    13.04    14.14    10.63    46.1    41.01    45.28    46.1    16.28    25.5    35.0    18.36
78.1    999999    25.61    67.08    66.46    18.38    40.31    55.9    37.17    48.17    59.4    62.0    33.02    60.42    10.82    33.24    60.73    21.26    83.45    46.1    43.91    55.44    32.02    17.2    43.1    54.08    43.17    37.05    42.72    52.2    20.25    25.81    61.96    20.25    20.25    55.08    91.83    38.08    25.0    40.8    81.69    44.01    27.89    47.17    41.23    36.62    56.3    51.48    50.0    61.22    57.49    70.68    53.71    18.11    56.85    52.8    23.02    67.68    60.21    24.04    72.11    43.42    15.81    67.18    60.21    26.42    27.8    73.11    67.23    26.68    30.41    51.09    21.21    38.33    72.69    24.84    22.26    48.51    50.18    32.31    74.33    44.41    70.01    32.02    26.93    42.43    25.0    57.27    40.31    63.01    80.99    27.59    11.18    47.68    31.38    13.04    69.64    64.03    67.48    41.77    37.44    47.43    61.85    68.88    65.19    61.85    61.29
52.5    25.61    999999    42.38    40.9    7.62    22.83    40.26    11.56    22.63    34.06    44.94    25.5    39.32    15.65    19.42    38.05    6.0    58.14    21.47    22.09    36.14    6.4    10.2    35.47    28.65    27.86    22.02    20.02    30.02    13.34    7.07    39.24    9.06    9.06    45.28    67.12    19.65    16.76    19.42    56.86    30.55    11.4    21.93    15.62    14.04    37.01    31.02    34.0    35.61    31.89    49.03    31.58    18.11    32.25    28.64    7.62    48.04    37.0    3.16    48.33    22.56    15.03    41.77    34.89    4.24    6.71    47.51    46.39    17.2    6.08    38.91    5.1    26.63    56.89    5.0    12.7    29.41    28.81    10.77    49.2    26.0    44.6    9.0    13.45    17.2    21.93    32.98    15.52    50.7    57.27    3.0    14.87    33.24    15.26    21.21    44.29    38.42    41.87    22.47    12.08    29.43    44.28    44.1    41.79    40.01    35.85
20.0    67.08    42.38    999999    17.18    49.98    32.02    55.9    31.87    24.08    21.63    30.07    59.08    43.01    57.94    51.04    12.17    48.08    30.07    30.41    38.83    23.54    36.4    52.5    64.33    15.0    51.42    36.24    25.0    18.03    54.13    45.89    37.53    47.01    50.7    67.78    42.11    45.28    46.1    27.66    33.96    54.98    40.22    20.62    28.28    39.0    47.01    42.54    31.62    14.42    17.46    45.34    38.01    52.8    27.78    30.46    48.27    50.99    35.0    44.92    36.06    26.17    57.01    20.81    9.22    40.72    43.74    17.46    46.69    54.15    39.81    60.75    47.43    55.58    65.3    45.35    52.63    25.94    20.89    34.99    26.93    28.84    21.47    40.31    50.25    30.0    60.21    10.0    26.93    67.6    41.23    41.48    55.9    54.71    48.01    63.32    7.07    14.14    15.26    29.07    30.36    47.43    54.08    28.02    35.36    15.0    9.85
11.8    66.46    40.9    17.18    999999    48.13    40.14    41.42    29.35    18.3    8.13    45.54    50.1    27.26    56.08    42.6    27.14    45.47    18.02    21.8    28.52    37.25    34.51    49.86    52.91    14.74    39.95    43.84    30.55    28.9    49.6    41.74    21.38    48.13    47.3    54.05    28.98    36.02    50.47    33.71    19.22    43.2    43.43    21.34    25.31    32.07    32.21    29.07    43.9    6.2    9.08    28.28    24.1    55.9    13.9    18.0    44.52    34.39    19.26    42.5    18.9    33.84    53.4    3.64    11.95    40.97    39.52    6.84    29.98    47.41    36.26    47.43    45.31    45.29    48.8    42.06    47.72    36.95    31.43    37.6    11.1    38.36    5.1    35.37    44.15    24.27    53.36    20.01    28.16    52.5    24.81    38.91    55.72    42.01    40.72    59.55    11.42    3.9    2.28    36.99    29.69    34.92    38.43    10.85    18.58    30.61    9.96
59.82    18.38    7.62    49.98    48.13    999999    28.16    42.11    18.97    29.83    41.01    50.7    23.32    43.68    8.06    19.42    45.28    3.16    65.07    27.8    26.57    42.43    13.89    3.16    34.0    36.24    29.15    26.4    27.07    37.05    8.49    8.25    44.46    8.49    4.47    44.94    73.6    22.09    17.69    26.02    63.41    31.14    15.23    29.55    23.02    18.79    40.45    34.93    39.22    43.01    39.2    53.76    36.4    15.81    38.6    34.67    6.0    51.79    42.49    5.66    54.2    29.07    8.25    48.8    42.49    10.0    9.85    54.82    50.7    14.76    12.04    39.29    2.83    26.25    59.08    6.71    9.07    35.51    35.6    17.03    55.97    31.78    51.62    13.89    12.37    24.04    17.69    40.52    23.09    51.42    63.13    9.22    8.54    34.37    16.03    14.0    51.88    45.8    49.2    28.44    19.7    32.06    47.04    50.61    47.41    47.04    43.42
49.24    40.31    22.83    32.02    40.14    28.16    999999    58.31    21.63    27.29    37.05    22.56    48.01    52.2    34.23    41.11    22.2    28.23    57.87    31.62    37.59    15.13    21.21    31.32    57.38    25.5    47.63    4.24    10.0    14.14    35.85    29.68    49.54    21.1    31.38    65.95    69.12    39.05    15.81    7.07    59.23    50.9    13.15    20.0    22.47    31.4    52.39    46.1    11.18    33.96    32.25    59.84    44.27    23.09    39.2    37.85    30.41    61.68    46.69    25.94    55.0    6.32    36.4    42.76    29.15    18.79    28.6    44.94    58.69    39.96    25.5    59.03    26.93    48.1    73.41    27.78    35.46    8.25    11.41    12.21    50.99    4.12    45.12    28.28    36.06    26.93    44.72    22.47    15.81    69.89    63.13    24.41    30.0    52.8    36.88    41.77    37.22    36.4    39.85    3.16    18.36    47.17    60.42    48.17    50.25    22.36    31.02
50.25    55.9    40.26    55.9    41.42    42.11    58.31    999999    36.68    34.71    34.54    75.69    23.77    15.0    46.17    23.02    60.61    39.2    48.26    28.28    20.81    65.8    38.08    41.0    17.69    43.01    13.0    59.48    50.0    56.57    36.12    34.37    20.94    48.84    38.01    13.0    49.98    20.62    57.01    51.87    42.76    11.96    50.92    42.43    36.4    27.31    9.22    13.6    68.01    41.63    38.47    21.93    17.89    57.56    28.23    25.55    36.12    15.0    22.36    38.64    30.41    54.41    40.31    38.83    47.01    43.97    33.73    46.69    17.46    29.27    34.79    8.06    40.31    17.72    17.0    36.5    34.35    61.22    57.41    47.42    40.0    59.64    40.45    31.62    30.0    32.02    31.62    52.2    43.01    12.04    36.4    37.36    50.0    8.25    26.08    43.42    52.2    42.72    43.68    56.3    39.96    11.18    7.07    34.06    25.0    64.03    46.07
40.94    37.17    11.56    31.87    29.35    18.97    21.63    36.68    999999    11.14    22.73    40.68    29.38    31.73    27.02    21.55    29.71    16.59    46.74    11.56    16.02    30.96    5.17    21.06    37.3    17.46    26.38    23.01    14.06    22.84    22.26    14.02    30.27    19.19    18.95    44.76    56.1    17.96    23.81    15.37    45.81    29.81    16.6    11.3    4.06    10.15    31.09    24.76    31.65    24.06    20.33    40.52    23.67    27.69    21.73    18.77    16.43    41.07    27.69    13.47    38.18    18.18    25.27    30.35    23.77    12.0    11.89    35.95    38.6    22.94    7.94    37.71    16.21    27.87    52.02    13.57    20.79    25.32    22.65    11.56    37.97    23.18    33.16    8.93    18.86    6.61    28.84    23.21    7.12    48.3    47.02    9.88    26.38    31.38    17.68    31.6    33.08    26.86    30.31    19.73    3.33    25.55    39.02    33.19    32.1    32.34    24.56
30.0    48.17    22.63    24.08    18.3    29.83    27.29    34.71    11.14    999999    11.66    41.23    35.01    25.5    37.8    27.0    26.08    27.2    35.61    6.71    15.23    31.4    16.28    31.62    40.52    9.22    27.86    30.02    17.46    22.02    31.78    23.71    22.29    30.23    29.15    45.28    45.18    21.21    33.84    20.22    34.89    31.48    26.57    8.06    7.21    15.13    27.02    21.21    34.93    13.42    9.43    32.56    18.03    38.47    12.0    10.77    26.42    34.93    19.42    24.21    28.28    21.84    35.36    19.21    15.0    23.02    21.47    25.0    31.62    30.59    18.03    38.08    27.02    31.58    47.71    23.85    30.01    27.73    23.22    20.88    26.93    27.2    22.02    17.46    26.93    6.32    36.67    17.89    12.04    46.75    36.88    20.62    37.48    31.76    24.19    41.59    23.54    16.12    19.42    24.52    12.08    24.7    35.0    22.47    23.02    29.41    15.13
19.7    59.4    34.06    21.63    8.13    41.01    37.05    34.54    22.73    11.66    999999    46.52    41.98    21.4    48.84    34.48    28.84    38.21    24.08    13.89    20.4    37.34    27.8    42.52    45.01    12.37    32.0    40.31    27.07    28.16    41.88    34.21    16.13    41.88    39.82    46.84    33.54    27.89    45.31    30.15    23.26    35.33    38.08    17.12    18.87    24.19    25.5    21.59    42.76    7.21    5.39    25.06    16.76    50.12    6.32    10.0    37.01    29.73    13.45    35.36    18.11    31.0    45.8    7.81    13.45    34.67    32.02    14.87    25.61    39.4    29.0    40.02    38.18    37.22    43.86    34.71    39.95    35.51    30.23    32.31    15.26    36.06    10.63    27.8    36.24    16.97    45.31    20.59    23.09    46.07    26.08    31.83    48.92    34.37    32.7    51.87    17.72    8.25    10.05    34.01    23.71    27.17    32.45    11.18    14.76    32.45    12.04
50.04    62.0    44.94    30.07    45.54    50.7    22.56    75.69    40.68    41.23    46.52    999999    69.35    66.29    56.72    61.91    18.44    50.6    60.13    47.42    55.17    9.9    42.06    53.85    77.94    34.48    66.84    25.08    26.63    19.21    58.19    51.48    62.06    43.57    53.76    85.15    72.17    58.6    37.0    25.94    63.79    70.36    35.69    33.3    39.7    50.8    68.25    62.37    12.0    40.5    41.15    71.55    59.2    44.05    51.11    51.61    52.55    75.47    59.17    48.1    63.91    22.83    58.94    49.04    33.84    41.11    50.09    47.38    71.69    61.74    46.53    77.99    49.34    68.51    88.81    49.77    57.64    15.65    18.33    34.18    56.29    18.97    50.45    48.88    57.7    43.86    66.85    26.0    33.6    87.69    70.34    46.1    52.24    71.59    57.8    64.33    37.12    41.76    44.15    22.47    37.44    65.07    76.22    55.97    61.27    15.13    35.74
61.4    33.02    25.5    59.08    50.1    23.32    48.01    23.77    29.38    35.01    41.98    69.35    999999    32.56    24.52    8.06    58.94    21.4    63.07    29.07    21.59    59.93    27.29    21.02    10.77    44.1    12.73    47.51    42.95    52.2    15.23    18.44    36.37    31.62    18.87    22.36    68.24    14.14    40.8    43.42    59.17    11.95    36.77    39.81    31.78    20.22    26.91    24.41    59.08    47.27    43.19    42.45    28.65    38.91    36.69    32.28    18.44    37.44    35.85    22.63    47.43    46.53    18.44    49.04    50.01    29.73    19.42    56.75    38.29    8.6    22.83    18.11    22.8    6.4    40.02    20.52    14.25    53.71    51.83    35.81    53.71    50.77    51.55    20.62    12.04    29.15    8.06    51.79    36.4    30.0    55.44    23.6    29.41    15.65    11.7    20.1    58.14    49.5    51.97    47.17    32.31    18.44    30.41    47.42    40.5    61.68    50.01
35.36    60.42    39.32    43.01    27.26    43.68    52.2    15.0    31.73    25.5    21.4    66.29    32.56    999999    49.77    28.02    49.58    40.52    33.38    20.62    17.26    56.6    35.0    43.66    30.46    32.02    19.85    54.34    42.72    47.17    40.25    35.44    6.04    48.37    40.5    28.0    36.24    22.36    55.0    45.22    28.16    21.61    48.04    33.54    29.83    25.32    6.32    8.94    60.42    28.6    26.17    10.3    8.06    57.43    15.56    14.76    37.95    9.49    8.06    38.83    15.81    47.17    44.72    24.35    34.71    42.05    33.96    32.02    7.07    34.67    33.24    22.36    41.23    26.25    22.67    37.11    38.19    53.23    48.61    43.29    25.0    52.55    25.71    30.41    33.54    25.5    39.05    41.11    36.4    25.3    23.02    36.35    52.2    18.79    29.07    49.4    38.47    29.15    29.55    49.65    34.53    14.14    11.18    19.1    10.0    53.15    33.42
67.8    10.82    15.65    57.94    56.08    8.06    34.23    46.17    27.02    37.8    48.84    56.72    24.52    49.77    999999    23.19    52.77    10.63    72.84    35.38    33.12    49.04    21.95    6.4    35.17    44.29    33.24    31.78    34.53    44.41    10.05    15.0    51.17    13.15    9.43    46.87    81.06    27.51    21.02    33.14    70.94    34.51    21.1    37.58    31.06    25.81    45.88    40.85    44.91    51.04    47.2    60.01    42.94    16.28    46.1    42.01    12.21    57.28    49.4    13.6    61.29    36.06    6.08    56.64    50.54    17.46    17.03    62.8    56.65    17.0    19.85    42.11    10.82    29.02    63.13    14.14    11.91    42.05    42.74    24.19    63.66    38.12    59.46    21.26    16.49    31.89    17.09    48.38    31.02    54.23    70.18    17.2    5.66    38.05    20.88    8.06    59.94    53.82    57.2    35.01    27.73    37.11    51.79    58.14    54.38    54.33    51.48
54.08    33.24    19.42    51.04    42.6    19.42    41.11    23.02    21.55    27.0    34.48    61.91    8.06    28.02    23.19    999999    50.96    16.76    56.44    21.21    14.32    52.35    20.0    18.03    16.28    36.06    10.05    41.04    35.36    44.38    13.15    12.53    30.83    26.93    15.13    25.94    62.48    6.71    35.78    36.06    53.01    11.73    30.81    31.78    23.77    12.17    23.26    19.21    52.01    39.46    35.36    38.28    22.67    35.17    29.55    25.08    13.6    34.54    29.83    17.0    41.77    39.12    17.46    41.79    42.0    23.6    12.81    49.34    34.48    6.71    15.62    19.92    18.03    7.21    40.01    14.76    11.33    46.32    44.14    29.0    47.01    43.6    44.38    13.04    7.07    21.1    11.4    43.74    28.64    32.02    50.21    17.03    27.02    15.03    4.24    21.47    50.25    41.77    44.38    40.0    24.6    14.32    28.64    40.82    34.71    53.76    42.05
32.06    60.73    38.05    12.17    27.14    45.28    22.2    60.61    29.71    26.08    28.84    18.44    58.94    49.58    52.77    50.96    999999    44.05    42.0    32.76    41.18    11.4    33.06    48.17    65.92    17.69    53.67    26.4    18.25    8.54    51.01    43.1    44.82    40.52    47.01    71.34    54.01    46.24    37.59    19.92    45.4    57.29    32.89    19.31    27.2    38.9    52.4    47.01    19.7    22.36    23.6    53.85    43.19    44.72    34.06    35.38    45.01    58.41    42.01    41.01    45.69    17.46    53.08    30.68    15.65    35.36    41.19    29.07    54.41    52.61    37.22    64.14    43.1    56.65    72.25    42.01    49.87    14.87    10.89    28.64    37.85    18.44    32.02    38.64    48.51    30.46    58.42    8.49    23.09    72.62    51.92    38.01    49.73    57.8    47.3    59.21    19.03    23.41    25.71    19.72    27.17    50.77    60.11    37.7    43.57    3.61    17.46
57.2    21.26    6.0    48.08    45.47    3.16    28.23    39.2    16.59    27.2    38.21    50.6    21.4    40.52    10.63    16.76    44.05    999999    62.23    24.84    23.41    41.98    11.7    4.47    31.91    34.01    26.31    26.93    26.02    36.01    7.62    5.1    41.31    10.3    3.16    42.54    70.6    19.03    19.42    25.32    60.44    28.45    15.81    27.51    20.59    15.65    37.34    31.78    39.4    40.5    36.62    50.6    33.24    18.44    35.61    31.62    3.16    48.66    39.36    3.16    51.11    28.44    9.06    46.01    40.31    9.49    6.71    52.2    47.54    12.81    9.22    36.69    1.41    23.77    56.14    3.61    7.47    35.17    34.78    16.49    53.08    31.62    48.84    10.82    9.85    21.26    16.64    38.83    21.38    48.76    60.03    6.71    11.7    31.58    13.15    15.3    49.66    43.27    46.62    28.16    17.72    29.02    44.01    47.63    44.29    46.01    41.15
10.2    83.45    58.14    30.07    18.02    65.07    57.87    48.26    46.74    35.61    24.08    60.13    63.07    33.38    72.84    56.44    42.0    62.23    999999    37.54    42.19    53.08    51.86    66.48    63.32    32.7    51.26    61.68    48.47    45.71    65.44    58.05    27.82    65.8    63.7    61.2    12.04    49.74    68.48    51.62    6.71    53.89    61.4    39.36    42.8    47.63    39.62    39.22    60.53    24.17    26.93    28.28    34.54    73.78    27.2    31.62    60.88    36.22    27.51    59.41    18.0    51.55    69.53    16.4    28.86    58.6    55.9    13.15    32.06    62.13    53.04    55.73    62.24    57.38    49.48    58.69    63.44    53.94    48.42    55.57    9.43    55.79    13.6    51.66    59.41    41.04    67.74    36.5    46.14    57.08    16.12    55.9    73.0    51.66    55.47    75.43    23.02    21.54    18.03    54.71    47.43    45.54    43.0    15.65    23.54    45.04    26.93
33.54    46.1    21.47    30.41    21.8    27.8    31.62    28.28    11.56    6.71    13.89    47.42    29.07    20.62    35.38    21.21    32.76    24.84    37.54    999999    8.54    37.54    15.81    29.0    33.96    15.81    21.19    33.73    22.36    28.28    28.02    20.52    18.72    30.08    26.17    38.59    45.8    15.0    35.36    24.7    35.61    24.8    28.16    14.14    9.22    10.3    21.1    15.0    40.31    18.25    14.14    29.0    12.65    38.9    10.82    7.28    23.35    30.08    16.12    22.2    26.93    26.83    32.02    21.63    21.21    23.09    18.38    28.64    27.29    25.63    15.81    31.38    25.0    25.18    42.06    21.26    26.07    33.29    29.19    23.0    28.28    32.2    24.41    14.14    22.36    5.0    31.62    24.6    15.81    40.31    35.85    18.87    36.06    25.06    18.97    38.01    29.07    20.62    23.41    29.15    14.04    18.03    29.15    22.8    20.62    36.06    21.02
39.85    43.91    22.09    38.83    28.52    26.57    37.59    20.81    16.02    15.23    20.4    55.17    21.59    17.26    33.12    14.32    41.18    23.41    42.19    8.54    999999    45.28    18.25    26.83    25.5    24.35    12.65    39.0    29.21    36.24    24.21    18.38    18.05    31.14    23.71    30.23    48.8    7.62    38.12    31.06    39.05    16.26    31.4    22.2    15.62    8.06    15.3    9.06    47.2    26.0    22.02    27.2    9.85    40.2    15.23    10.77    21.02    26.0    16.4    21.59    28.43    33.6    28.6    27.51    29.61    25.02    16.76    35.17    24.33    20.0    16.03    23.02    24.04    17.0    36.06    19.92    22.13    40.46    36.85    27.2    32.76    38.83    30.08    13.15    17.69    11.31    25.55    33.11    22.2    32.65    37.2    19.1    35.11    16.64    13.45    33.97    37.01    28.07    30.41    35.51    19.24    9.9    23.09    26.63    21.4    44.42    29.27
43.29    55.44    36.14    23.54    37.25    42.43    15.13    65.8    30.96    31.4    37.34    9.9    59.93    56.6    49.04    52.35    11.4    41.98    53.08    37.54    45.28    999999    32.7    45.54    68.26    25.08    57.01    18.68    17.0    9.43    49.48    42.38    52.55    36.0    45.12    75.29    65.03    48.83    30.81    16.76    56.08    60.54    28.0    23.43    29.83    41.05    58.41    52.5    8.6    31.78    31.95    62.24    49.41    38.08    41.59    41.88    43.68    65.86    49.65    39.29    55.08    13.6    50.64    40.61    25.32    32.56    40.85    40.01    62.18    52.55    37.16    68.12    40.79    58.83    79.06    40.8    48.76    7.0    8.44    25.5    48.26    11.05    42.3    39.36    48.47    33.97    57.87    17.26    23.85    77.79    61.98    37.0    45.04    61.72    48.3    56.32    30.27    33.38    36.12    14.04    27.78    55.17    66.4    47.3    52.0    9.43    27.29
46.1    32.02    6.4    36.4    34.51    13.89    21.21    38.08    5.17    16.28    27.8    42.06    27.29    35.0    21.95    20.0    33.06    11.7    51.86    15.81    18.25    32.7    999999    16.16    36.24    22.36    26.63    21.63    15.81    25.5    18.03    10.05    34.21    14.32    14.32    44.82    61.06    18.03    20.0    16.12    50.77    29.78    13.15    15.81    9.22    10.77    33.54    27.29    32.02    29.21    25.5    44.28    27.02    23.09    26.4    23.09    12.04    44.1    31.78    8.54    42.72    19.24    20.62    35.47    28.64    7.28    8.25    41.11    42.01    19.92    4.47    38.01    11.18    26.91    54.12    9.06    16.81    26.42    24.76    9.43    43.01    23.6    38.29    7.07    15.81    11.18    25.5    27.29    10.0    49.24    51.62    5.1    21.21    31.91    15.81    26.93    38.01    32.02    35.47    20.0    6.08    26.93    41.23    38.08    36.4    35.36    29.53
61.61    17.2    10.2    52.5    49.86    3.16    31.32    41.0    21.06    31.62    42.52    53.85    21.02    43.66    6.4    18.03    48.17    4.47    66.48    29.0    26.83    45.54    16.16    999999    31.78    38.48    28.0    29.55    30.02    40.01    5.83    8.6    44.87    11.4    3.16    43.01    74.65    21.59    20.52    29.07    64.54    29.68    18.38    31.95    25.06    19.42    40.02    34.79    42.38    44.94    41.05    53.85    36.67    17.89    39.7    35.61    5.83    51.42    43.05    7.62    54.92    32.14    5.1    50.33    44.78    13.04    10.63    56.61    50.6    12.65    13.6    37.66    5.1    24.52    58.0    7.81    6.94    38.64    38.63    20.1    57.28    34.93    53.15    14.87    11.0    25.61    14.87    43.17    25.71    49.82    63.81    11.18    9.0    33.06    15.13    11.05    54.13    47.71    51.04    31.58    22.14    31.4    46.27    51.74    48.02    50.01    45.62
63.39    43.1    35.47    64.33    52.91    34.0    57.38    17.69    37.3    40.52    45.01    77.94    10.77    30.46    35.17    16.28    65.92    31.91    63.32    33.96    25.5    68.26    36.24    31.78    999999    49.73    13.04    57.28    51.31    59.94    26.0    28.43    35.55    42.19    29.53    12.0    66.64    19.7    51.31    52.2    58.52    9.71    46.86    46.62    38.91    27.29    24.17    24.33    68.25    51.24    47.38    39.12    29.27    49.66    39.01    35.01    28.84    32.65    35.9    32.8    46.24    55.22    29.12    51.16    55.11    39.7    29.0    59.14    34.67    19.24    31.89    10.0    33.29    9.43    31.78    30.61    24.95    62.43    59.94    45.28    54.34    59.82    53.34    29.21    22.2    35.47    18.25    58.19    44.42    20.4    53.24    33.24    40.16    11.7    20.52    30.07    62.29    53.08    55.0    56.22    40.5    18.11    24.76    48.05    39.85    68.94    54.74
25.0    54.08    28.65    15.0    14.74    36.24    25.5    43.01    17.46    9.22    12.37    34.48    44.1    32.02    44.29    36.06    17.69    34.01    32.7    15.81    24.35    25.08    22.36    38.48    49.73    999999    37.0    29.12    15.81    15.81    39.56    31.32    27.58    34.71    36.4    54.12    43.68    30.41    36.06    18.97    33.73    40.61    29.21    7.07    13.6    24.0    34.71    29.41    30.41    8.54    7.07    37.16    25.5    41.87    16.64    17.69    33.84    41.05    24.7    30.87    30.41    19.24    42.72    17.26    6.32    27.8    29.12    20.25    37.22    39.2    25.3    46.96    33.54    40.79    54.67    31.02    37.96    23.19    17.87    23.43    25.5    24.02    19.65    25.5    35.36    15.0    45.28    9.22    14.14    55.0    38.01    27.31    43.01    40.72    33.02    49.04    15.65    11.18    14.76    22.36    16.64    33.54    42.43    23.02    26.93    21.21    7.21
50.64    43.17    27.86    51.42    39.95    29.15    47.63    13.0    26.38    27.86    32.0    66.84    12.73    19.85    33.24    10.05    53.67    26.31    51.26    21.19    12.65    57.01    26.63    28.0    13.04    37.0    999999    48.26    40.36    48.26    23.19    21.59    23.95    36.14    25.02    18.38    55.76    8.6    44.6    41.73    46.96    3.62    38.91    34.48    27.2    16.28    14.21    12.08    58.0    38.21    34.37    29.73    16.76    44.72    26.08    22.0    23.19    25.06    23.77    25.96    34.99    44.55    27.46    38.33    42.2    31.78    21.19    46.27    25.61    16.49    22.83    11.4    27.46    6.4    30.0    23.77    21.38    51.66    48.58    36.06    42.06    49.52    40.61    19.72    17.0    23.32    19.72    45.69    33.3    22.85    42.8    25.08    37.0    5.39    13.15    31.02    49.25    40.05    42.01    46.01    29.7    5.83    18.68    35.74    28.18    56.82    41.77
53.23    37.05    22.02    36.24    43.84    26.4    4.24    59.48    23.01    30.02    40.31    25.08    47.51    54.34    31.78    41.04    26.4    26.93    61.68    33.73    39.0    18.68    21.63    29.55    57.28    29.12    48.26    999999    13.34    18.38    34.48    29.07    52.06    18.68    30.02    66.4    72.8    39.66    12.17    10.2    62.82    51.38    11.18    23.19    24.52    32.25    54.08    47.76    13.15    37.64    35.69    62.39    46.32    19.42    42.01    40.31    29.41    63.79    49.25    25.0    58.08    10.3    34.54    46.32    33.11    17.8    28.28    48.85    61.0    39.2    25.61    59.64    25.55    48.17    75.03    27.02    34.34    12.08    15.65    12.21    54.57    8.06    48.76    28.6    35.47    28.86    43.57    26.63    18.11    70.83    66.37    24.04    27.17    53.54    36.8    39.56    41.34    40.16    43.66    7.21    19.92    48.3    62.03    51.48    53.04    26.42    34.93
40.31    42.72    20.02    25.0    30.55    27.07    10.0    50.0    14.06    17.46    27.07    26.63    42.95    42.72    34.53    35.36    18.25    26.02    48.47    22.36    29.21    17.0    15.81    30.02    51.31    15.81    40.36    13.34    999999    10.0    33.24    25.71    39.76    22.47    29.07    58.73    59.48    32.02    21.21    3.16    49.48    43.83    15.26    10.0    13.6    24.21    43.42    37.22    18.03    24.35    22.36    50.01    34.93    27.8    29.27    28.16    27.29    52.2    36.88    23.09    45.0    4.47    35.0    32.98    20.25    17.12    24.04    35.78    49.04    35.74    20.25    51.62    25.0    41.88    64.41    24.33    32.31    11.31    8.96    10.44    41.23    9.85    35.44    22.36    31.62    18.03    41.23    15.0    7.07    61.85    53.15    20.4    31.62    45.25    31.3    41.05    29.07    26.93    30.46    7.07    10.82    39.05    51.48    38.21    40.31    20.0    21.95
36.4    52.2    30.02    18.03    28.9    37.05    14.14    56.57    22.84    22.02    28.16    19.21    52.2    47.17    44.41    44.38    8.54    36.01    45.71    28.28    36.24    9.43    25.5    40.01    59.94    15.81    48.26    18.38    10.0    999999    43.19    35.51    43.16    32.02    39.05    66.4    57.43    40.31    29.15    11.4    48.04    51.84    24.35    14.14    21.1    32.65    49.04    43.19    15.0    23.09    22.8    52.92    40.0    36.24    32.2    32.45    37.22    56.44    40.25    33.06    46.1    8.94    45.0    32.06    17.03    27.07    33.73    32.56    52.77    45.35    29.83    59.2    35.0    50.54    69.63    34.23    42.19    8.25    2.87    20.22    40.0    10.82    34.0    31.62    41.23    25.0    50.99    9.22    15.81    68.59    53.34    30.27    41.23    52.8    40.5    51.04    23.77    25.0    28.07    11.4    19.92    46.1    57.01    38.47    42.72    10.0    19.03
61.4    20.25    13.34    54.13    49.6    8.49    35.85    36.12    22.26    31.78    41.88    58.19    15.23    40.25    10.05    13.15    51.01    7.62    65.44    28.02    24.21    49.48    18.03    5.83    26.0    39.56    23.19    34.48    33.24    43.19    999999    8.25    42.13    16.97    4.47    37.36    72.86    17.89    26.17    32.76    62.94    24.5    23.32    33.54    25.96    17.8    36.06    31.3    47.01    45.19    41.15    50.54    33.84    23.71    38.29    33.97    6.0    47.43    40.61    10.2    52.63    35.9    4.47    49.65    45.88    17.09    10.44    56.44    47.01    7.07    14.32    32.25    8.94    19.1    53.08    9.0    2.08    42.72    42.1    24.04    56.08    39.22    52.43    14.32    6.71    25.5    9.22    45.28    28.02    44.41    61.4    13.0    14.32    28.02    11.18    10.0    55.03    47.85    51.0    35.74    24.08    27.2    41.77    50.25    45.61    53.15    46.49
53.54    25.81    7.07    45.89    41.74    8.25    29.68    34.37    14.02    23.71    34.21    51.48    18.44    35.44    15.0    12.53    43.1    5.1    58.05    20.52    18.38    42.38    10.05    8.6    28.43    31.32    21.59    29.07    25.71    35.51    8.25    999999    36.36    14.56    5.66    38.47    66.07    14.0    23.26    25.63    55.97    23.98    18.44    25.32    17.72    10.82    32.25    26.68    40.82    37.12    33.12    45.54    28.23    23.19    31.14    27.02    2.83    43.57    34.48    4.47    46.32    28.79    11.66    42.01    37.64    11.31    2.24    48.55    42.45    10.3    6.08    32.31    6.0    19.72    51.24    2.24    6.81    35.85    34.66    17.49    48.8    32.65    44.82    6.4    6.4    17.49    15.52    37.12    20.02    44.27    55.23    5.39    16.76    26.93    8.54    17.89    46.82    39.82    43.05    29.07    16.0    24.0    39.0    43.19    39.45    45.4    38.28
29.33    61.96    39.24    37.53    21.38    44.46    49.54    20.94    30.27    22.29    16.13    62.06    36.37    6.04    51.17    30.83    44.82    41.31    27.82    18.72    18.05    52.55    34.21    44.87    35.55    27.58    23.95    52.06    39.76    43.16    42.13    36.36    999999    48.19    41.75    33.92    31.88    24.55    54.02    42.48    23.06    26.26    46.86    30.11    27.72    25.68    11.92    11.95    57.0    23.21    21.22    10.34    8.3    57.17    10.96    11.75    39.04    13.61    2.92    39.24    11.07    44.12    46.57    18.37    29.58    41.46    34.61    25.98    9.64    37.25    33.21    28.03    41.84    30.29    27.78    37.76    40.05    49.73    44.84    41.71    19.14    49.47    19.67    30.7    35.5    23.72    42.17    36.43    33.95    31.31    19.39    36.37    53.0    23.86    31.1    51.71    32.69    23.51    23.66    46.8    32.7    18.12    17.1    13.12    4.3    48.42    28.14
59.41    20.25    9.06    47.01    48.13    8.49    21.1    48.84    19.19    30.23    41.88    43.57    31.62    48.37    13.15    26.93    40.52    10.3    65.8    30.08    31.14    36.0    14.32    11.4    42.19    34.71    36.14    18.68    22.47    32.02    16.97    14.56    48.19    999999    12.81    52.8    75.29    28.28    9.22    20.62    65.0    38.52    8.0    27.66    23.02    23.09    46.0    40.05    31.78    42.45    39.05    58.05    40.61    9.06    40.72    37.34    13.42    57.08    45.88    10.2    57.01    23.35    16.12    49.41    40.61    7.21    15.13    54.49    55.44    23.02    15.13    46.82    8.94    34.01    65.62    12.37    17.45    29.0    30.11    12.08    57.14    25.02    52.2    18.03    20.12    25.5    26.17    37.12    20.62    58.82    65.92    12.04    9.22    41.48    23.09    20.88    50.0    45.28    48.84    22.02    18.44    38.21    53.15    52.35    50.6    41.77    41.87
59.08    20.25    9.06    50.7    47.3    4.47    31.38    38.01    18.95    29.15    39.82    53.76    18.87    40.5    9.43    15.13    47.01    3.16    63.7    26.17    23.71    45.12    14.32    3.16    29.53    36.4    25.02    30.02    29.07    39.05    4.47    5.66    41.75    12.81    999999    40.5    71.7    18.44    22.02    28.44    61.62    26.85    18.87    30.08    22.85    16.4    36.88    31.62    42.54    42.54    38.59    50.7    33.54    20.25    36.8    32.65    2.83    48.27    39.96    6.0    51.87    31.58    6.32    47.63    42.72    12.65    7.81    54.08    47.43    10.3    11.18    34.93    4.47    21.84    55.01    5.39    4.64    38.33    37.87    19.65    54.45    34.79    50.45    12.04    8.06    23.02    13.6    41.59    24.19    47.07    60.75    9.22    12.04    30.15    12.04    12.65    52.0    45.28    48.55    31.32    20.4    28.28    43.19    48.84    44.94    49.04    43.46
63.2    55.08    45.28    67.78    54.05    44.94    65.95    13.0    44.76    45.28    46.84    85.15    22.36    28.0    46.87    25.94    71.34    42.54    61.2    38.59    30.23    75.29    44.82    43.01    12.0    54.12    18.38    66.4    58.73    66.4    37.36    38.47    33.92    52.8    40.5    999999    62.36    26.91    61.72    60.11    55.58    15.04    56.6    52.43    45.45    34.66    22.09    25.3    76.38    53.76    50.33    34.21    30.08    60.75    40.52    37.34    39.4    26.57    35.23    42.94    43.29    62.94    40.79    51.62    58.69    49.4    38.59    59.54    29.83    30.36    40.8    7.21    43.86    18.79    21.4    40.71    36.08    70.04    66.85    54.2    53.0    67.9    53.34    37.8    32.7    41.4    30.15    63.13    51.66    8.94    48.76    42.72    51.66    13.6    30.02    42.05    64.56    55.08    56.29    64.38    48.08    20.59    18.68    47.04    38.0    74.63    57.94
22.2    91.83    67.12    42.11    28.98    73.6    69.12    49.98    56.1    45.18    33.54    72.17    68.24    36.24    81.06    62.48    54.01    70.6    12.04    45.8    48.8    65.03    61.06    74.65    66.64    43.68    55.76    72.8    59.48    57.43    72.86    66.07    31.88    75.29    71.7    62.36    999999    55.97    78.79    62.64    10.3    57.81    71.59    49.98    52.35    55.32    42.49    43.83    72.34    35.17    37.34    28.16    39.82    83.65    35.0    39.05    68.88    35.9    32.65    68.01    20.81    62.82    77.16    26.57    40.45    68.1    64.03    25.02    32.57    68.68    61.61    57.94    70.8    62.13    47.0    67.01    70.8    65.62    60.09    65.8    18.38    67.27    24.04    59.82    66.47    49.93    73.88    48.26    56.46    56.72    13.6    64.64    81.84    55.01    62.24    82.73    35.06    32.76    29.43    65.97    57.25    49.93    43.68    23.02    27.8    57.08    38.47
47.43    38.08    19.65    45.28    36.02    22.09    39.05    20.62    17.96    21.21    27.89    58.6    14.14    22.36    27.51    6.71    46.24    19.03    49.74    15.0    7.62    48.83    18.03    21.59    19.7    30.41    8.6    39.66    32.02    40.31    17.89    14.0    24.55    28.28    18.44    26.91    55.97    999999    36.4    33.24    46.4    11.88    30.46    26.93    19.24    7.81    18.44    13.42    49.5    33.14    29.07    32.65    16.28    37.12    22.85    18.38    16.12    29.83    23.35    18.11    35.36    36.12    22.36    35.11    36.12    23.41    13.15    42.72    29.15    12.73    14.32    20.0    20.0    10.44    37.34    16.03    15.83    43.28    40.44    27.46    40.31    41.01    37.7    11.18    11.18    15.81    18.03    38.6    25.0    31.3    43.93    16.76    30.41    13.89    6.71    27.2    44.05    35.36    37.85    37.48    21.26    10.0    25.0    34.13    28.28    49.24    36.01
61.03    25.0    16.76    46.1    50.47    17.69    15.81    57.01    23.81    33.84    45.31    37.0    40.8    55.0    21.02    35.78    37.59    19.42    68.48    35.36    38.12    30.81    20.0    20.52    51.31    36.06    44.6    12.17    21.21    29.15    26.17    23.26    54.02    9.22    22.02    61.72    78.79    36.4    999999    18.44    68.54    47.19    7.28    29.15    26.93    30.27    53.34    47.17    25.0    44.42    41.59    64.2    47.01    7.28    45.35    42.58    22.47    64.07    51.48    18.79    61.85    20.25    25.0    52.33    41.23    13.15    23.41    56.3    62.01    32.2    22.36    55.54    18.03    42.94    73.55    21.02    26.66    24.04    26.71    13.0    60.42    19.92    55.01    25.5    29.15    30.41    35.36    36.12    22.36    67.42    70.6    19.65    15.81    49.98    31.78    29.07    50.25    47.17    50.77    17.89    21.84    46.1    60.83    56.3    55.9    38.08    42.8
43.42    40.8    19.42    27.66    33.71    26.02    7.07    51.87    15.37    20.22    30.15    25.94    43.42    45.22    33.14    36.06    19.92    25.32    51.62    24.7    31.06    16.76    16.12    29.07    52.2    18.97    41.73    10.2    3.16    11.4    32.76    25.63    42.48    20.62    28.44    60.11    62.64    33.24    18.44    999999    52.63    45.12    13.0    13.04    15.65    25.46    45.62    39.36    16.28    27.51    25.5    52.77    37.34    25.24    32.14    30.81    26.93    54.71    39.62    22.56    48.01    3.16    34.13    36.14    23.32    16.03    24.17    38.91    51.66    35.85    20.59    53.08    24.19    42.8    66.64    24.04    32.01    10.3    9.61    9.0    44.38    7.81    38.6    23.02    31.78    20.12    41.11    17.69    8.94    63.6    56.22    20.25    29.83    46.75    31.91    40.01    32.02    30.08    33.62    4.47    12.04    40.8    53.67    41.3    43.19    21.21    25.06
15.26    81.69    56.86    33.96    19.22    63.41    59.23    42.76    45.81    34.89    23.26    63.79    59.17    28.16    70.94    53.01    45.4    60.44    6.71    35.61    39.05    56.08    50.77    64.54    58.52    33.73    46.96    62.82    49.48    48.04    62.94    55.97    23.06    65.0    61.62    55.58    10.3    46.4    68.54    52.63    999999    49.32    61.33    39.85    42.06    45.28    34.48    34.89    63.03    25.32    27.2    22.02    30.53    73.36    24.84    29.0    58.8    30.02    23.32    57.8    12.37    52.95    67.18    16.49    31.02    57.8    53.91    16.49    26.02    59.03    51.4    50.45    60.61    53.24    42.95    56.85    60.89    56.14    50.61    55.54    8.25    57.56    14.14    49.68    56.64    39.66    64.4    39.0    46.24    51.0    9.43    54.41    71.61    46.82    52.5    72.86    26.93    23.09    20.0    56.09    46.96    41.15    37.12    12.81    18.79    48.66    29.02
53.69    44.01    30.55    54.98    43.2    31.14    50.9    11.96    29.81    31.48    35.33    70.36    11.95    21.61    34.51    11.73    57.29    28.45    53.89    24.8    16.26    60.54    29.78    29.68    9.71    40.61    3.62    51.38    43.83    51.84    24.5    23.98    26.26    38.52    26.85    15.04    57.81    11.88    47.19    45.12    49.32    999999    41.77    38.09    30.76    19.67    15.54    14.72    61.38    41.66    37.86    31.03    19.61    46.88    29.3    25.34    25.3    25.58    26.39    28.43    37.16    47.98    28.55    41.45    45.77    34.58    23.84    49.42    26.73    17.51    25.82    8.36    29.68    5.76    28.69    26.21    22.85    55.12    52.12    39.18    44.8    52.89    43.65    22.78    18.79    26.93    19.68    49.32    36.79    20.32    44.63    27.88    38.64    3.73    15.44    31.46    52.7    43.44    45.3    49.36    33.12    8.43    18.47    38.49    30.55    60.44    45.31
